acc = 0.8226915520628684
acc_and_f1 = 0.8226915520628684
f1 = 0.8226915520628684
